15
0.7 1.8 -1.2 0
0.7 -1.8 -1.2 0
-1 -1.8 -1.2 0
-1 1.8 -1.2 0
0.7 1.8 1 0
0.7 -1.8 1 0
-1 -1.8 1 0
-1 1.8 1 0
-0.3 -1.2 0.3 1

0.7 -1.8 -0.2 0
0.7 1.8 -0.2 0
0.3 1.8 -0.5 0
0.3 -1.8 -0.5 0
0.3 -1.8 -1.2 0
0.3 1.8 -1.2 0

8

25
14  0 0
13  1 0
12  1 1
11  0 1

24
12 1 0
11 0 0
10 0 1
9 1 1

20
2 0 0
3 1 0
7 1 1
6 0 1

18
0 0 0
1 1 0
5 1 1
4 0 1

13
0 0 0
1 0 2
2 1 2
3 1 0

14
4 0 0
5 0 2
6 1 2
7 1 0

19
4 1 1
7 0 1
3 0 0
0 1 0

27
5 1 1
6 0 1
2 0 0
1 1 0