152
0  5.00000000000000E+0001  1.50000000000000E+0001  0.00000000000000E+0000 
1  5.00000000000000E+0001  1.49178332729216E+0001  1.56788087599546E+0000 
2 -5.00000000000000E+0001  1.49999999999999E+0001  0.00000000000000E+0000 
3 -5.00000000000000E+0001  1.49178332729216E+0001  1.56788087599546E+0000 
4  5.00000000000000E+0001  1.49178332729216E+0001  1.56788087599546E+0000 
5  5.00000000000000E+0001  1.46722332744916E+0001  3.11858473332034E+0000 
6 -5.00000000000000E+0001  1.49178332729216E+0001  1.56788087599546E+0000 
7 -5.00000000000000E+0001  1.46722332744916E+0001  3.11858473332034E+0000 
8  5.00000000000000E+0001  1.46722332744916E+0001  3.11858473332034E+0000 
9  5.00000000000000E+0001  1.42658906911157E+0001  4.63512273722476E+0000 
10 -5.00000000000000E+0001  1.46722332744916E+0001  3.11858473332034E+0000 
11 -5.00000000000000E+0001  1.42658906911157E+0001  4.63512273722476E+0000 
12  5.00000000000000E+0001  1.42658906911157E+0001  4.63512273722476E+0000 
13  5.00000000000000E+0001  1.37032572348135E+0001  6.10088035913927E+0000 
14 -5.00000000000000E+0001  1.42658906911157E+0001  4.63512273722476E+0000 
15 -5.00000000000000E+0001  1.37032572348135E+0001  6.10088035913927E+0000 
16  5.00000000000000E+0001  1.37032572348135E+0001  6.10088035913927E+0000 
17  5.00000000000000E+0001  1.29904968722049E+0001  7.49979939819949E+0000 
18 -5.00000000000000E+0001  1.37032572348135E+0001  6.10088035913927E+0000 
19 -5.00000000000000E+0001  1.29904968722049E+0001  7.49979939819949E+0000 
20  5.00000000000000E+0001  1.29904968722049E+0001  7.49979939819949E+0000 
21  5.00000000000000E+0001  1.21354182947816E+0001  8.81655390788713E+0000 
22 -5.00000000000000E+0001  1.29904968722049E+0001  7.49979939819949E+0000 
23 -5.00000000000000E+0001  1.21354182947816E+0001  8.81655390788713E+0000 
24  5.00000000000000E+0001  1.21354182947816E+0001  8.81655390788713E+0000 
25  5.00000000000000E+0001  1.11473893702903E+0001  1.00367181004119E+0001 
26 -5.00000000000000E+0001  1.21354182947816E+0001  8.81655390788713E+0000 
27 -5.00000000000000E+0001  1.11473893702903E+0001  1.00367181004119E+0001 
28  5.00000000000000E+0001  1.11473893702903E+0001  1.00367181004119E+0001 
29  5.00000000000000E+0001  1.00372345124625E+0001  1.11469243893475E+0001 
30 -5.00000000000000E+0001  1.11473893702903E+0001  1.00367181004119E+0001 
31 -5.00000000000000E+0001  1.00372345124624E+0001  1.11469243893475E+0001 
32  5.00000000000000E+0001  1.00372345124625E+0001  1.11469243893475E+0001 
33  5.00000000000000E+0001  8.81711609346033E+0000  1.21350098390748E+0001 
34 -5.00000000000000E+0001  1.00372345124624E+0001  1.11469243893475E+0001 
35 -5.00000000000000E+0001  8.81711609346034E+0000  1.21350098390748E+0001 
36  5.00000000000000E+0001  8.81711609346033E+0000  1.21350098390748E+0001 
37  5.00000000000000E+0001  7.50040119823555E+0000  1.29901494165966E+0001 
38 -5.00000000000000E+0001  8.81711609346034E+0000  1.21350098390748E+0001 
39 -5.00000000000000E+0001  7.50040119823554E+0000  1.29901494165966E+0001 
40  5.00000000000000E+0001  7.50040119823555E+0000  1.29901494165966E+0001 
41  5.00000000000000E+0001  6.10151518057960E+0000  1.37029745858757E+0001 
42 -5.00000000000000E+0001  7.50040119823554E+0000  1.29901494165966E+0001 
43 -5.00000000000000E+0001  6.10151518057961E+0000  1.37029745858757E+0001 
44  5.00000000000000E+0001  6.10151518057960E+0000  1.37029745858757E+0001 
45  5.00000000000000E+0001  4.63578362524270E+0000  1.42656759454269E+0001 
46 -5.00000000000000E+0001  6.10151518057961E+0000  1.37029745858757E+0001 
47 -5.00000000000000E+0001  4.63578362524271E+0000  1.42656759454269E+0001 
48  5.00000000000000E+0001  4.63578362524270E+0000  1.42656759454269E+0001 
49  5.00000000000000E+0001  3.11926444751517E+0000  1.46720887847118E+0001 
50 -5.00000000000000E+0001  4.63578362524271E+0000  1.42656759454269E+0001 
51 -5.00000000000000E+0001  3.11926444751517E+0000  1.46720887847118E+0001 
52  5.00000000000000E+0001  3.11926444751517E+0000  1.46720887847118E+0001 
53  5.00000000000000E+0001  1.56857196971508E+0000  1.49177606220177E+0001 
54 -5.00000000000000E+0001  3.11926444751517E+0000  1.46720887847118E+0001 
55 -5.00000000000000E+0001  1.56857196971507E+0000  1.49177606220177E+0001 
56  5.00000000000000E+0001  1.56857196971508E+0000  1.49177606220177E+0001 
57  5.00000000000000E+0001  6.94901923308484E-0004  1.49999999839037E+0001 
58 -5.00000000000000E+0001  1.56857196971507E+0000  1.49177606220177E+0001 
59 -5.00000000000000E+0001  6.94901923299146E-0004  1.49999999839037E+0001 
60  5.00000000000000E+0001  6.94901923308484E-0004  1.49999999839037E+0001 
61  5.00000000000000E+0001 -1.56718977891090E+0000  1.49179058918092E+0001 
62 -5.00000000000000E+0001  6.94901923299146E-0004  1.49999999839037E+0001 
63 -5.00000000000000E+0001 -1.56718977891090E+0000  1.49179058918092E+0001 
64  5.00000000000000E+0001 -1.56718977891090E+0000  1.49179058918092E+0001 
65  5.00000000000000E+0001 -3.11790501243249E+0000  1.46723777327823E+0001 
66 -5.00000000000000E+0001 -1.56718977891090E+0000  1.49179058918092E+0001 
67 -5.00000000000000E+0001 -3.11790501243250E+0000  1.46723777327823E+0001 
68  5.00000000000000E+0001 -3.11790501243249E+0000  1.46723777327823E+0001 
69  5.00000000000000E+0001 -4.63446183925904E+0000  1.42661054061874E+0001 
70 -5.00000000000000E+0001 -3.11790501243250E+0000  1.46723777327823E+0001 
71 -5.00000000000000E+0001 -4.63446183925903E+0000  1.42661054061874E+0001 
72  5.00000000000000E+0001 -4.63446183925904E+0000  1.42661054061874E+0001 
73  5.00000000000000E+0001 -6.10024552460539E+0000  1.37035398543417E+0001 
74 -5.00000000000000E+0001 -4.63446183925903E+0000  1.42661054061874E+0001 
75 -5.00000000000000E+0001 -6.10024552460539E+0000  1.37035398543417E+0001 
76  5.00000000000000E+0001 -6.10024552460539E+0000  1.37035398543417E+0001 
77  5.00000000000000E+0001 -7.49919758206757E+0000  1.29908442999333E+0001 
78 -5.00000000000000E+0001 -6.10024552460539E+0000  1.37035398543417E+0001 
79 -5.00000000000000E+0001 -7.49919758206756E+0000  1.29908442999333E+0001 
80  5.00000000000000E+0001 -7.49919758206757E+0000  1.29908442999333E+0001 
81  5.00000000000000E+0001 -8.81599170339208E+0000  1.21358267244437E+0001 
82 -5.00000000000000E+0001 -7.49919758206756E+0000  1.29908442999333E+0001 
83 -5.00000000000000E+0001 -8.81599170339208E+0000  1.21358267244437E+0001 
84  5.00000000000000E+0001 -8.81599170339208E+0000  1.21358267244437E+0001 
85  5.00000000000000E+0001 -1.00362016668208E+0001  1.11478543273089E+0001 
86 -5.00000000000000E+0001 -8.81599170339208E+0000  1.21358267244437E+0001 
87 -5.00000000000000E+0001 -1.00362016668209E+0001  1.11478543273089E+0001 
88  5.00000000000000E+0001 -1.00362016668208E+0001  1.11478543273089E+0001 
89  5.00000000000000E+0001 -1.11464593844815E+0001  1.00377509029714E+0001 
90 -5.00000000000000E+0001 -1.00362016668209E+0001  1.11478543273089E+0001 
91 -5.00000000000000E+0001 -1.11464593844815E+0001  1.00377509029714E+0001 
92  5.00000000000000E+0001 -1.11464593844815E+0001  1.00377509029714E+0001 
93  5.00000000000000E+0001 -1.21346013573242E+0001  8.81767826011049E+0000 
94 -5.00000000000000E+0001 -1.11464593844815E+0001  1.00377509029714E+0001 
95 -5.00000000000000E+0001 -1.21346013573242E+0001  8.81767826011049E+0000 
96  5.00000000000000E+0001 -1.21346013573242E+0001  8.81767826011049E+0000 
97  5.00000000000000E+0001 -1.29898019331092E+0001  7.50100298217446E+0000 
98 -5.00000000000000E+0001 -1.21346013573242E+0001  8.81767826011049E+0000 
99 -5.00000000000000E+0001 -1.29898019331092E+0001  7.50100298217446E+0000 
100  5.00000000000000E+0001 -1.29898019331092E+0001  7.50100298217446E+0000 
101  5.00000000000000E+0001 -1.37026919075290E+0001  6.10214998892504E+0000 
102 -5.00000000000000E+0001 -1.29898019331092E+0001  7.50100298217446E+0000 
103 -5.00000000000000E+0001 -1.37026919075290E+0001  6.10214998892504E+0000 
104  5.00000000000000E+0001 -1.37026919075290E+0001  6.10214998892504E+0000 
105  5.00000000000000E+0001 -1.42654611691214E+0001  4.63644450331145E+0000 
106 -5.00000000000000E+0001 -1.37026919075290E+0001  6.10214998892504E+0000 
107 -5.00000000000000E+0001 -1.42654611691214E+0001  4.63644450331145E+0000 
108  5.00000000000000E+0001 -1.42654611691214E+0001  4.63644450331145E+0000 
109  5.00000000000000E+0001 -1.46719442634432E+0001  3.11994415501552E+0000 
110 -5.00000000000000E+0001 -1.42654611691214E+0001  4.63644450331145E+0000 
111 -5.00000000000000E+0001 -1.46719442634432E+0001  3.11994415501552E+0000 
112  5.00000000000000E+0001 -1.46719442634432E+0001  3.11994415501552E+0000 
113  5.00000000000000E+0001 -1.49176879390978E+0001  1.56926306006827E+0000 
114 -5.00000000000000E+0001 -1.46719442634432E+0001  3.11994415501552E+0000 
115 -5.00000000000000E+0001 -1.49176879390978E+0001  1.56926306006827E+0000 
116  5.00000000000000E+0001 -1.49176879390978E+0001  1.56926306006827E+0000 
117  5.00000000000000E+0001 -1.49999999356148E+0001  1.38980384491026E-0003 
118 -5.00000000000000E+0001 -1.49176879390978E+0001  1.56926306006827E+0000 
119 -5.00000000000000E+0001 -1.49999999356148E+0001  1.38980384491026E-0003 
120 -5.00000000000000E+0001 -1.50000000000000E+0001 -1.00000000000000E+0000 
121  5.00000000000000E+0001 -1.50000000000000E+0001 -1.00000000000000E+0000 
122  5.00000000000000E+0001  1.50000000000000E+0001 -1.00000000000000E+0000 
123 -5.00000000000000E+0001  1.50000000000000E+0001 -1.00000000000000E+0000 
124 -5.00000000000000E+0001 -1.50000000000000E+0001  0.00000000000000E+0000 
125  5.00000000000000E+0001 -1.50000000000000E+0001  0.00000000000000E+0000 
126  5.00000000000000E+0001  1.50000000000000E+0001  0.00000000000000E+0000 
127 -5.00000000000000E+0001  1.50000000000000E+0001  0.00000000000000E+0000 
128 -5.00000000000000E+0001 -7.00000000000000E+0000 -1.00000000000000E+0000 
129  5.00000000000000E+0001 -7.00000000000000E+0000 -1.00000000000000E+0000 
130  5.00000000000000E+0001  7.00000000000000E+0000 -1.00000000000000E+0000 
131 -5.00000000000000E+0001  7.00000000000000E+0000 -1.00000000000000E+0000 
132 -5.00000000000000E+0001 -7.00000000000000E+0000  1.20000000000000E+0000 
133  5.00000000000000E+0001 -7.00000000000000E+0000  1.20000000000000E+0000 
134  5.00000000000000E+0001  7.00000000000000E+0000  1.20000000000000E+0000 
135 -5.00000000000000E+0001  7.00000000000000E+0000  1.20000000000000E+0000 
136  5.00000000000000E+0001 -7.00000000000000E+0000 -1.00000000000000E+0000 
137  5.20000000000000E+0001 -7.00000000000000E+0000 -1.00000000000000E+0000 
138  5.20000000000000E+0001  7.00000000000000E+0000 -1.00000000000000E+0000 
139  5.00000000000000E+0001  7.00000000000000E+0000 -1.00000000000000E+0000 
140  5.00000000000000E+0001 -7.00000000000000E+0000  1.50000000000000E+0001 
141  5.20000000000000E+0001 -7.00000000000000E+0000  1.50000000000000E+0001 
142  5.20000000000000E+0001  7.00000000000000E+0000  1.50000000000000E+0001 
143  5.00000000000000E+0001  7.00000000000000E+0000  1.50000000000000E+0001 
144 -5.20000000000000E+0001 -7.00000000000000E+0000 -1.00000000000000E+0000 
145 -5.00000000000000E+0001 -7.00000000000000E+0000 -1.00000000000000E+0000 
146 -5.00000000000000E+0001  7.00000000000000E+0000 -1.00000000000000E+0000 
147 -5.20000000000000E+0001  7.00000000000000E+0000 -1.00000000000000E+0000 
148 -5.20000000000000E+0001 -7.00000000000000E+0000  1.50000000000000E+0001 
149 -5.00000000000000E+0001 -7.00000000000000E+0000  1.50000000000000E+0001 
150 -5.00000000000000E+0001  7.00000000000000E+0000  1.50000000000000E+0001 
151 -5.20000000000000E+0001  7.00000000000000E+0000  1.50000000000000E+0001 


54
16
3 0 0
2 0 1
0 1 1
1 1 0

16
7 0 0
6 0 1
4 1 1
5 1 0

16
11 0 0
10 0 1
8 1 1
9 1 0

16
15 0 0
14 0 1
12 1 1
13 1 0

16
19 0 0
18 0 1
16 1 1
17 1 0

16
23 0 0
22 0 1
20 1 1
21 1 0

16
27 0 0
26 0 1
24 1 1
25 1 0

16
31 0 0
30 0 1
28 1 1
29 1 0

16
35 0 0
34 0 1
32 1 1
33 1 0

16
39 0 0
38 0 1
36 1 1
37 1 0

16
43 0 0
42 0 1
40 1 1
41 1 0

16
47 0 0
46 0 1
44 1 1
45 1 0

16
51 0 0
50 0 1
48 1 1
49 1 0

16
55 0 0
54 0 1
52 1 1
53 1 0

16
59 0 0
58 0 1
56 1 1
57 1 0

16
63 0 0
62 0 1
60 1 1
61 1 0

16
67 0 0
66 0 1
64 1 1
65 1 0

16
71 0 0
70 0 1
68 1 1
69 1 0

16
75 0 0
74 0 1
72 1 1
73 1 0

16
79 0 0
78 0 1
76 1 1
77 1 0

16
83 0 0
82 0 1
80 1 1
81 1 0

16
87 0 0
86 0 1
84 1 1
85 1 0

16
91 0 0
90 0 1
88 1 1
89 1 0

16
95 0 0
94 0 1
92 1 1
93 1 0

16
99 0 0
98 0 1
96 1 1
97 1 0

16
103 0 0
102 0 1
100 1 1
101 1 0

16
107 0 0
106 0 1
104 1 1
105 1 0

16
111 0 0
110 0 1
108 1 1
109 1 0

16
115 0 0
114 0 1
112 1 1
113 1 0

16
119 0 0
118 0 1
116 1 1
117 1 0

25
124 0 0
125 0 1
121 1 1
120 1 0

25
126 0 0
125 0 1
121 1 1
122 1 0

25
127 0 0
126 0 1
122 1 1
123 1 0

25
127 0 0
124 0 1
120 1 1
123 1 0

25
127 0 0
126 0 1
125 1 1
124 1 0

25
123 0 0
122 0 1
121 1 1
120 1 0

23
132 0 0
133 0 1
129 1 1
128 1 0

23
134 0 0
133 0 1
129 1 1
130 1 0

23
135 0 0
134 0 1
130 1 1
131 1 0

23
135 0 0
132 0 1
128 1 1
131 1 0

23
135 0 0
134 0 1
133 1 1
132 1 0

23
131 0 0
130 0 1
129 1 1
128 1 0

13
140 0 0
141 0 1
137 1 1
136 1 0

13
142 0 0
141 0 1
137 1 1
138 1 0

13
143 0 0
142 0 1
138 1 1
139 1 0

13
143 0 0
140 0 1
136 1 1
139 1 0

13
143 0 0
142 0 1
141 1 1
140 1 0

13
139 0 0
138 0 1
137 1 1
136 1 0

13
148 0 0
149 0 1
145 1 1
144 1 0

13
150 0 0
149 0 1
145 1 1
146 1 0

13
151 0 0
150 0 1
146 1 1
147 1 0

13
151 0 0
148 0 1
144 1 1
147 1 0

13
151 0 0
150 0 1
149 1 1
148 1 0

13
147 0 0
146 0 1
145 1 1
144 1 0

