24
0 -50 15 0
1 50 15 0
2 -50 -15 0
3 50 -15 0
4 -50 15 20
5 50 15 20
6 -50 -15 20
7 50 -15 20
8 50 15 6
9 50 7 6
10 50 -15 6
11 50 7 0
12 -50 15 6
13 -50 7 6
14 -50 -15 6
15 -50 7 0

16 -25 5 0
17 25 5 0
18 -25 -5 0
19 25 -5 0
20 20 5 3
21 -20 5 3
22 -20 -5 3
23 20 -5 3

12
23
17  0 1 
20  0 0
23  1 0
19  1 1
23
18 0 1
16 0 0
21 1 0
22 1 1

23
16 1 0
17 0 0
20 0 1
21 1 1

23
20 0 1
21 0 0
22 1 0
23 1 1

14
6 0 1
14 0 0
12 1 0
4 1 1

14
13 0 1
15 0 0
2 1 0
14 1 1

14
9 0 1
11 0 0
3 1 0
10 1 1

14
5 0 1
8 0 0
10 1 0
7 1 1

14
2 0 0
3 0 1
1 1 1
0 1 0

14
2 0 0
3 0 1
7 1 1
6 1 0

14
0 0 0
1 0 1
5 1 1
4 1 0

13
6 0 0
7 0 1
5 1 1
4 1 0