108
0 -6.00000000000000E+0001 -9.55000000000000E+0000 -1.00000000000000E+0000 
1  6.00000000000000E+0001 -9.55000000000000E+0000 -1.00000000000000E+0000 
2  6.00000000000000E+0001  9.55000000000000E+0000 -1.00000000000000E+0000 
3 -6.00000000000000E+0001  9.55000000000000E+0000 -1.00000000000000E+0000 
4 -6.00000000000000E+0001 -9.55000000000000E+0000  0.00000000000000E+0000 
5  6.00000000000000E+0001 -9.55000000000000E+0000  0.00000000000000E+0000 
6  6.00000000000000E+0001  9.55000000000000E+0000  0.00000000000000E+0000 
7 -6.00000000000000E+0001  9.55000000000000E+0000  0.00000000000000E+0000 
8 -6.00000000000000E+0001 -5.75000000000000E+0000 -1.00000000000000E+0000 
9  6.00000000000000E+0001 -5.75000000000000E+0000 -1.00000000000000E+0000 
10  6.00000000000000E+0001  5.75000000000000E+0000 -1.00000000000000E+0000 
11 -6.00000000000000E+0001  5.75000000000000E+0000 -1.00000000000000E+0000 
12 -6.00000000000000E+0001 -5.75000000000000E+0000  1.20000000000000E+0000 
13  6.00000000000000E+0001 -5.75000000000000E+0000  1.20000000000000E+0000 
14  6.00000000000000E+0001  5.75000000000000E+0000  1.20000000000000E+0000 
15 -6.00000000000000E+0001  5.75000000000000E+0000  1.20000000000000E+0000 
16  6.00000000000000E+0001  1.05000000000000E+0001  0.00000000000000E+0000 
17  6.00000000000000E+0001  1.02705632921441E+0001  2.18300931332424E+0000 
18 -6.00000000000000E+0001  1.05000000000000E+0001  0.00000000000000E+0000 
19 -6.00000000000000E+0001  1.02705632921441E+0001  2.18300931332424E+0000 
20  6.00000000000000E+0001  1.02705632921441E+0001  2.18300931332424E+0000 
21  6.00000000000000E+0001  9.59228006436945E+0000  4.27061625139749E+0000 
22 -6.00000000000000E+0001  1.02705632921441E+0001  2.18300931332424E+0000 
23 -6.00000000000000E+0001  9.59228006436946E+0000  4.27061625139749E+0000 
24  6.00000000000000E+0001  9.59228006436945E+0000  4.27061625139749E+0000 
25  6.00000000000000E+0001  8.49479280634713E+0000  6.17158773552099E+0000 
26 -6.00000000000000E+0001  9.59228006436946E+0000  4.27061625139749E+0000 
27 -6.00000000000000E+0001  8.49479280634712E+0000  6.17158773552099E+0000 
28  6.00000000000000E+0001  8.49479280634713E+0000  6.17158773552099E+0000 
29  6.00000000000000E+0001  7.02606415872375E+0000  7.80284707254330E+0000 
30 -6.00000000000000E+0001  8.49479280634712E+0000  6.17158773552099E+0000 
31 -6.00000000000000E+0001  7.02606415872375E+0000  7.80284707254330E+0000 
32  6.00000000000000E+0001  7.02606415872375E+0000  7.80284707254330E+0000 
33  6.00000000000000E+0001  5.25028083876488E+0000  9.09310459161767E+0000 
34 -6.00000000000000E+0001  7.02606415872375E+0000  7.80284707254330E+0000 
35 -6.00000000000000E+0001  5.25028083876487E+0000  9.09310459161767E+0000 
36  6.00000000000000E+0001  5.25028083876488E+0000  9.09310459161767E+0000 
37  6.00000000000000E+0001  3.24504853766989E+0000  9.98597316179883E+0000 
38 -6.00000000000000E+0001  5.25028083876487E+0000  9.09310459161767E+0000 
39 -6.00000000000000E+0001  3.24504853766988E+0000  9.98597316179883E+0000 
40  6.00000000000000E+0001  3.24504853766989E+0000  9.98597316179883E+0000 
41  6.00000000000000E+0001  1.09800037880055E+0000  1.04424324354124E+0001 
42 -6.00000000000000E+0001  3.24504853766988E+0000  9.98597316179883E+0000 
43 -6.00000000000000E+0001  1.09800037880055E+0000  1.04424324354124E+0001 
44  6.00000000000000E+0001  1.09800037880055E+0000  1.04424324354124E+0001 
45  6.00000000000000E+0001 -1.09703284523763E+0000  1.04425341242664E+0001 
46 -6.00000000000000E+0001  1.09800037880055E+0000  1.04424324354124E+0001 
47 -6.00000000000000E+0001 -1.09703284523763E+0000  1.04425341242664E+0001 
48  6.00000000000000E+0001 -1.09703284523763E+0000  1.04425341242664E+0001 
49  6.00000000000000E+0001 -3.24412328748133E+0000  9.98627378433124E+0000 
50 -6.00000000000000E+0001 -1.09703284523763E+0000  1.04425341242664E+0001 
51 -6.00000000000000E+0001 -3.24412328748132E+0000  9.98627378433124E+0000 
52  6.00000000000000E+0001 -3.24412328748133E+0000  9.98627378433124E+0000 
53  6.00000000000000E+0001 -5.24943830744730E+0000  9.09359100995337E+0000 
54 -6.00000000000000E+0001 -3.24412328748132E+0000  9.98627378433124E+0000 
55 -6.00000000000000E+0001 -5.24943830744731E+0000  9.09359100995337E+0000 
56  6.00000000000000E+0001 -5.24943830744730E+0000  9.09359100995337E+0000 
57  6.00000000000000E+0001 -7.02534116677462E+0000  7.80349802911629E+0000 
58 -6.00000000000000E+0001 -5.24943830744731E+0000  9.09359100995337E+0000 
59 -6.00000000000000E+0001 -7.02534116677461E+0000  7.80349802911629E+0000 
60  6.00000000000000E+0001 -7.02534116677462E+0000  7.80349802911629E+0000 
61  6.00000000000000E+0001 -8.49422095012696E+0000  6.17237478207734E+0000 
62 -6.00000000000000E+0001 -7.02534116677461E+0000  7.80349802911629E+0000 
63 -6.00000000000000E+0001 -8.49422095012695E+0000  6.17237478207734E+0000 
64  6.00000000000000E+0001 -8.49422095012696E+0000  6.17237478207734E+0000 
65  6.00000000000000E+0001 -9.59188433527034E+0000  4.27150499224753E+0000 
66 -6.00000000000000E+0001 -8.49422095012695E+0000  6.17237478207734E+0000 
67 -6.00000000000000E+0001 -9.59188433527034E+0000  4.27150499224753E+0000 
68  6.00000000000000E+0001 -9.59188433527034E+0000  4.27150499224753E+0000 
69  6.00000000000000E+0001 -1.02703609844102E+0001  2.18396090851087E+0000 
70 -6.00000000000000E+0001 -9.59188433527034E+0000  4.27150499224753E+0000 
71 -6.00000000000000E+0001 -1.02703609844102E+0001  2.18396090851087E+0000 
72  6.00000000000000E+0001 -1.02703609844102E+0001  2.18396090851087E+0000 
73  6.00000000000000E+0001 -1.04999999549303E+0001  9.72862691437188E-0004 
74 -6.00000000000000E+0001 -1.02703609844102E+0001  2.18396090851087E+0000 
75 -6.00000000000000E+0001 -1.04999999549303E+0001  9.72862691437188E-0004 
76 -6.00000000000000E+0001  9.95000000000000E+0000  0.00000000000000E+0000 
77  6.00000000000000E+0001  9.95000000000000E+0000  0.00000000000000E+0000 
78  6.00000000000000E+0001  1.00500000000000E+0001  0.00000000000000E+0000 
79 -6.00000000000000E+0001  1.00500000000000E+0001  0.00000000000000E+0000 
80 -6.00000000000000E+0001  9.95000000000000E+0000  3.00000000000000E+0000 
81  6.00000000000000E+0001  9.95000000000000E+0000  3.00000000000000E+0000 
82  6.00000000000000E+0001  1.00500000000000E+0001  3.00000000000000E+0000 
83 -6.00000000000000E+0001  1.00500000000000E+0001  3.00000000000000E+0000 
84 -6.00000000000000E+0001 -1.00500000000000E+0001  0.00000000000000E+0000 
85  6.00000000000000E+0001 -1.00500000000000E+0001  0.00000000000000E+0000 
86  6.00000000000000E+0001 -9.95000000000000E+0000  0.00000000000000E+0000 
87 -6.00000000000000E+0001 -9.95000000000000E+0000  0.00000000000000E+0000 
88 -6.00000000000000E+0001 -1.00500000000000E+0001  3.00000000000000E+0000 
89  6.00000000000000E+0001 -1.00500000000000E+0001  3.00000000000000E+0000 
90  6.00000000000000E+0001 -9.95000000000000E+0000  3.00000000000000E+0000 
91 -6.00000000000000E+0001 -9.95000000000000E+0000  3.00000000000000E+0000 
92 -6.00000000000000E+0001 -1.10000000000000E+0001 -1.00000000000000E+0000 
93  6.00000000000000E+0001 -1.10000000000000E+0001 -1.00000000000000E+0000 
94  6.00000000000000E+0001 -9.00000000000000E+0000 -1.00000000000000E+0000 
95 -6.00000000000000E+0001 -9.00000000000000E+0000 -1.00000000000000E+0000 
96 -6.00000000000000E+0001 -1.10000000000000E+0001  0.00000000000000E+0000 
97  6.00000000000000E+0001 -1.10000000000000E+0001  0.00000000000000E+0000 
98  6.00000000000000E+0001 -9.00000000000000E+0000  0.00000000000000E+0000 
99 -6.00000000000000E+0001 -9.00000000000000E+0000  0.00000000000000E+0000 
100 -6.00000000000000E+0001  9.00000000000000E+0000 -1.00000000000000E+0000 
101  6.00000000000000E+0001  9.00000000000000E+0000 -1.00000000000000E+0000 
102  6.00000000000000E+0001  1.10000000000000E+0001 -1.00000000000000E+0000 
103 -6.00000000000000E+0001  1.10000000000000E+0001 -1.00000000000000E+0000 
104 -6.00000000000000E+0001  9.00000000000000E+0000  0.00000000000000E+0000 
105  6.00000000000000E+0001  9.00000000000000E+0000  0.00000000000000E+0000 
106  6.00000000000000E+0001  1.10000000000000E+0001  0.00000000000000E+0000 
107 -6.00000000000000E+0001  1.10000000000000E+0001  0.00000000000000E+0000 


51
17
4 0 0
5 0 1
1 1 1
0 1 0

17
6 0 0
5 0 1
1 1 1
2 1 0

17
7 0 0
6 0 1
2 1 1
3 1 0

17
7 0 0
4 0 1
0 1 1
3 1 0

17
7 0 0
6 0 1
5 1 1
4 1 0

17
3 0 0
2 0 1
1 1 1
0 1 0

17
12 0 0
13 0 1
9 1 1
8 1 0

17
14 0 0
13 0 1
9 1 1
10 1 0

17
15 0 0
14 0 1
10 1 1
11 1 0

17
15 0 0
12 0 1
8 1 1
11 1 0

17
15 0 0
14 0 1
13 1 1
12 1 0

17
11 0 0
10 0 1
9 1 1
8 1 0

17
19 0 0
18 0 1
16 1 1
17 1 0

17
23 0 0
22 0 1
20 1 1
21 1 0

17
27 0 0
26 0 1
24 1 1
25 1 0

17
31 0 0
30 0 1
28 1 1
29 1 0

17
35 0 0
34 0 1
32 1 1
33 1 0

17
39 0 0
38 0 1
36 1 1
37 1 0

17
43 0 0
42 0 1
40 1 1
41 1 0

17
47 0 0
46 0 1
44 1 1
45 1 0

17
51 0 0
50 0 1
48 1 1
49 1 0

17
55 0 0
54 0 1
52 1 1
53 1 0

17
59 0 0
58 0 1
56 1 1
57 1 0

17
63 0 0
62 0 1
60 1 1
61 1 0

17
67 0 0
66 0 1
64 1 1
65 1 0

17
71 0 0
70 0 1
68 1 1
69 1 0

17
75 0 0
74 0 1
72 1 1
73 1 0

17
80 0 0
81 0 1
77 1 1
76 1 0

17
82 0 0
81 0 1
77 1 1
78 1 0

17
83 0 0
82 0 1
78 1 1
79 1 0

17
83 0 0
80 0 1
76 1 1
79 1 0

17
83 0 0
82 0 1
81 1 1
80 1 0

17
79 0 0
78 0 1
77 1 1
76 1 0

17
88 0 0
89 0 1
85 1 1
84 1 0

17
90 0 0
89 0 1
85 1 1
86 1 0

17
91 0 0
90 0 1
86 1 1
87 1 0

17
91 0 0
88 0 1
84 1 1
87 1 0

17
91 0 0
90 0 1
89 1 1
88 1 0

17
87 0 0
86 0 1
85 1 1
84 1 0

17
96 0 0
97 0 1
93 1 1
92 1 0

17
98 0 0
97 0 1
93 1 1
94 1 0

17
99 0 0
98 0 1
94 1 1
95 1 0

17
99 0 0
96 0 1
92 1 1
95 1 0

17
99 0 0
98 0 1
97 1 1
96 1 0

17
95 0 0
94 0 1
93 1 1
92 1 0

17
104 0 0
105 0 1
101 1 1
100 1 0

17
106 0 0
105 0 1
101 1 1
102 1 0

17
107 0 0
106 0 1
102 1 1
103 1 0

17
107 0 0
104 0 1
100 1 1
103 1 0

17
107 0 0
106 0 1
105 1 1
104 1 0

17
103 0 0
102 0 1
101 1 1
100 1 0

